Заданий масив:
[44 23 11 64  7 60 84 97 87 11 45 95 60 84 43]

Змінений масив (зменшений на середнє значення):
[-10.33333333 -31.33333333 -43.33333333   9.66666667 -47.33333333
   5.66666667  29.66666667  42.66666667  32.66666667 -43.33333333
  -9.33333333  40.66666667   5.66666667  29.66666667 -11.33333333]

Відсортований масив за зростанням:
[-47.33333333 -43.33333333 -43.33333333 -31.33333333 -11.33333333
 -10.33333333  -9.33333333   5.66666667   5.66666667   9.66666667
  29.66666667  29.66666667  32.66666667  40.66666667  42.66666667]